AI Move:

0 0 0 0 0 0
0 0 0 0 0 0
0 0 0 0 0 0
0 0 0 0 0 0
0 0 0 0 0 0
0 0 0 0 0 0
0 0 0 0 0 0
0 0 0 0 0 0
0 0 0 0 0 0



Human Move:
0 0 0 0 0 0
0 0 0 0 0 0
0 0 0 0 0 0
0 0 0 0 0 0
0 0 0 0 0 1R
0 0 0 0 1R 0
0 0 0 0 1R 2R
0 0 0 0 1R 1R
0 0 0 0 2R 0

Human Move:
0 0 0 0 0 0
0 0 0 0 0 0
0 0 0 0 0 0
0 0 0 0 0 0
0 0 0 0 0 0
0 0 0 0 0 2R
0 0 0 0 0 2R
0 0 0 0 0 2B
0 0 0 0 1B 1B

AI Move:
0 0 0 0 0 0
0 0 0 0 0 0
0 0 0 0 0 0
0 0 0 0 0 0
0 0 0 0 0 0
0 0 0 0 0 2R
0 0 0 0 0 2R
0 0 0 0 0 2B
0 0 0 0 1B 0


Human Move:
0 0 0 0 0 0
0 0 0 0 0 0
0 0 0 0 0 0
0 0 0 0 0 0
0 0 0 0 0 0
0 0 0 0 0 2R
0 0 0 0 0 1R
0 0 0 0 0 2B
0 0 0 0 1B 0

AI Move:
0 0 0 0 0 0
0 0 0 0 0 0
0 0 0 0 0 0
0 0 0 0 0 0
0 0 0 0 0 0
0 0 0 0 0 2R
0 0 0 0 0 1R
0 0 0 0 0 1B
0 0 0 0 1B 0

Human Move:
0 0 0 0 0 0
0 0 0 0 0 0
0 0 0 0 0 0
0 0 0 0 0 0
0 0 0 0 0 0
0 0 0 0 0 2R
0 0 0 0 0 0
0 0 0 0 0 1B
0 0 0 0 1B 0

AI Move:
0 0 0 0 0 0
0 0 0 0 0 0
0 0 0 0 0 0
0 0 0 0 0 0
0 0 0 0 0 0
0 0 0 0 0 2R
0 0 0 0 0 0
0 0 0 0 0 0
0 0 0 0 0 1B


Human Move:
0 0 0 0 0 0
0 0 0 0 0 0
0 0 0 0 0 0
0 0 0 0 0 0
0 0 0 0 0 0
0 0 0 0 0 1R
0 0 0 0 0 0
0 0 0 0 0 0
0 0 0 0 0 1B


AI Move:
0 0 0 0 0 0
0 0 0 0 0 0
0 0 0 0 0 0
0 0 0 0 0 0
0 0 0 0 0 0
0 0 0 0 0 1R
0 0 0 0 0 0
0 0 0 0 0 0
0 0 0 0 0 0


Human Move:

0 0 0 0 0 0
0 0 0 0 0 0
0 0 0 0 0 0
0 0 0 0 0 0
0 0 0 0 0 0
0 0 0 0 0 0
0 0 0 0 0 0
0 0 0 0 0 0
0 0 0 0 0 0