0.0251136	5360
0.0553392	5896
0.0647792	6432
0.0742192	6968
0.0836592	7504
0.0930992	8040
0.102539	8576
0.111979	9112
0.121419	9648
0.130859	10184
0.140299	10720
0.149739	11256
0.159179	11792
0.168619	12328
0.178059	12864
0.187499	13400
0.196939	13936
0.206379	14472
0.215819	15008
0.225259	15544
0.234699	16080
0.234699	16097
0.244139	16114
0.253579	16131
0.263019	16148
0.272459	16165
0.281899	16182
0.291339	16199
0.300779	16216
0.310219	16233
0.319659	16250
0.329099	16267
0.338539	16284
0.347979	16301
0.357419	16318
0.366859	16335
0.376299	16352
0.385739	16369
0.395179	16386
0.404619	16403
0.414059	16420
0.423499	16437
0.432939	16454
0.442379	16471
0.451819	16488
0.461259	16505
0.470699	16522
0.480139	16539
0.489579	16556
0.499019	16573
0.508459	16590
0.517899	16607
0.527339	16624
0.536779	16641
0.546219	16658
0.555659	16675
0.565099	16692
0.574539	16709
0.583979	16726
0.593419	16743
0.602859	16760
0.612299	16777
0.621739	16794
0.631179	16811
0.640619	16828
0.650059	16845
0.659499	16862
0.668939	16879
0.678379	16896
0.687819	16913
0.697259	16929
0.706699	16945
0.716139	16961
0.725579	16977
0.735019	16993
0.744459	17009
0.753899	17025
0.763339	17041
0.772779	17057
0.782219	17073
0.791659	17089
0.801099	17105
0.810539	17121
0.819979	17137
0.829419	17153
0.838859	17169
0.848299	17185
0.857739	17201
0.867179	17217
0.876619	17233
0.886059	17249
0.895499	17265
0.904939	17281
0.914379	17297
0.923819	17313
0.933259	17329
0.942699	17345
0.952139	17361
0.961579	17377
0.971019	17393
0.980459	17409
0.989899	17425
0.999339	17441
1.00878	17457
1.01822	17473
1.02766	17489
1.0371	17505
1.04654	17521
1.05598	17537
1.06542	17553
1.07486	17569
1.0843	17585
1.09374	17601
1.10318	17617
1.11262	17633
1.12206	17649
1.1315	17665
1.14094	17681
1.15038	17697
1.15982	17713
1.16926	17729
1.1787	17745
1.18814	17761
1.19758	17777
1.20702	17793
1.21646	17809
1.2259	17825
1.23534	17841
1.24478	17857
1.25422	17873
1.26366	17889
1.2731	17905
1.28254	17921
1.29198	17937
1.30142	17953
1.31086	17969
1.3203	17984
1.32974	17999
1.33918	18014
1.34862	18029
1.35806	18044
1.3675	18059
1.37694	18074
1.38638	18089
1.39582	18104
1.40526	18119
1.4147	18134
1.42414	18149
1.43358	18164
1.44302	18179
1.45246	18194
1.4619	18209
1.47134	18224
1.48078	18239
1.49022	18254
1.49966	18269
1.5091	18284
1.51854	18299
1.52798	18314
1.53742	18329
1.54686	18344
1.5563	18359
1.56574	18374
1.57518	18389
1.58462	18404
1.59406	18419
1.6035	18434
1.61294	18449
1.62238	18464
1.63182	18479
1.64126	18494
1.6507	18509
1.66014	18524
1.66958	18539
1.67902	18554
1.68846	18569
1.6979	18584
1.70734	18599
1.71678	18614
1.72622	18629
1.73566	18644
1.7451	18659
1.75454	18674
1.76398	18689
1.77342	18704
1.78286	18719
1.7923	18734
1.80174	18749
1.81118	18764
1.82062	18779
1.83006	18794
1.8395	18809
1.84894	18824
1.85838	18839
1.86782	18854
1.87726	18869
1.8867	18884
1.89614	18899
1.90558	18914
1.91502	18929
1.92446	18944
1.9339	18959
1.94334	18974
1.95278	18989
1.96222	19004
1.97166	19019
1.9811	19034
1.99054	19049
1.99998	19064
2.00942	19079
2.01886	19094
2.0283	19109
2.03774	19124
2.04718	19139
2.05662	19154
2.06606	19168
2.0755	19182
2.08494	19196
2.09438	19210
2.10382	19224
2.11326	19238
2.1227	19252
2.13214	19266
2.14158	19280
2.15102	19294
2.16046	19308
2.1699	19322
2.17934	19336
2.18878	19350
2.19822	19364
2.20766	19378
2.2171	19392
2.22654	19406
2.23598	19420
2.24542	19434
2.25486	19448
2.2643	19462
2.27374	19476
2.28318	19490
2.29262	19504
2.30206	19518
2.3115	19532
2.32094	19546
2.33038	19560
2.33982	19574
2.34926	19588
2.3587	19602
2.36814	19616
2.37758	19630
2.38702	19644
2.39646	19658
2.4059	19672
2.41534	19686
2.42478	19700
2.43422	19714
2.44366	19728
2.4531	19742
2.46254	19756
2.47198	19770
2.48142	19784
2.49086	19798
2.5003	19812
2.50974	19826
2.51918	19840
2.52862	19854
2.53806	19868
2.5475	19882
2.55694	19896
2.56638	19910
2.57582	19924
2.58526	19938
2.5947	19952
2.60414	19966
2.61358	19980
2.62302	19994
2.63246	20008
2.6419	20022
2.65134	20036
2.66078	20050
2.67022	20064
2.67966	20078
2.6891	20092
2.69854	20106
2.70798	20120
2.71742	20134
2.72686	20148
2.7363	20162
2.74574	20176
2.75518	20190
2.76462	20204
2.77406	20218
2.7835	20232
2.79294	20246
2.80238	20260
2.81182	20274
2.82126	20288
2.8307	20302
2.84014	20316
2.84958	20330
2.85902	20344
2.86846	20358
2.8779	20372
2.88734	20386
2.89678	20400
2.90622	20414
2.91566	20428
2.9251	20442
2.93454	20456
2.94398	20470
2.95342	20484
2.96286	20498
2.9723	20512
2.98174	20526
2.99118	20539
3.00062	20552
3.01006	20565
3.0195	20578
3.02894	20591
3.03838	20604
3.04782	20617
3.05726	20630
3.0667	20643
3.07614	20656
3.08558	20669
3.09502	20682
3.10446	20695
3.1139	20708
3.12334	20721
3.13278	20734
3.15174	19832
3.2367	19564
3.24142	19296
3.24614	19028
3.25086	18760
3.25558	18492
3.2603	18224
3.26502	17956
3.26974	17688
3.27446	17420
3.27918	17152
3.2839	16884
3.28862	16616
3.29334	16348
3.29806	16080
3.30278	15812
3.3075	15544
3.31222	15276
3.31694	15008
3.32166	14740
3.3263	9648
3.3263	9677
3.33574	9706
3.34518	9735
3.35462	9764
3.36406	9793
3.3735	9822
3.38294	9851
3.39238	9880
3.40182	9909
3.41126	9937
3.4207	9965
3.43014	9993
3.43958	10021
3.44902	10049
3.45846	10077
3.4679	10105
3.47734	10133
3.48678	10161
3.49622	10189
3.50566	10217
3.5151	10245
3.52454	10273
3.53398	10300
3.54342	10327
3.55286	10354
3.5623	10381
3.57174	10408
3.58118	10435
3.59062	10462
3.60006	10489
3.6095	10516
3.61894	10543
3.62838	10570
3.63782	10597
3.64726	10624
3.6567	10651
3.66614	10677
3.67558	10703
3.68502	10729
3.69446	10755
3.7039	10781
3.71334	10807
3.72278	10833
3.73222	10859
3.74166	10885
3.7511	10911
3.76054	10937
3.76998	10963
3.77942	10989
3.78886	11015
3.7983	11041
3.80774	11067
3.81718	11092
3.82662	11117
3.83606	11142
3.8455	11167
3.85494	11192
3.86438	11217
3.87382	11242
3.88326	11267
3.8927	11292
3.90214	11317
3.91158	11342
3.92102	11367
3.93046	11392
3.9399	11417
3.94934	11442
3.95878	11467
3.96822	11492
3.97766	11516
3.9871	11540
3.99654	11564
4.00598	11588
4.01542	11612
4.02486	11636
4.0343	11660
4.04374	11684
4.05318	11708
4.06262	11732
4.07206	11756
4.0815	11780
4.09094	11804
4.10038	11828
4.10982	11852
4.11926	11876
4.1287	11900
4.13814	11924
4.14758	11948
4.15702	11972
4.16646	11995
4.1759	12018
4.18534	12041
4.19478	12064
4.20422	12087
4.21366	12110
4.2231	12133
4.23254	12156
4.24198	12179
4.25142	12202
4.26086	12225
4.2703	12248
4.27974	12271
4.28918	12294
4.29862	12317
4.30806	12340
4.3175	12363
4.32694	12386
4.33638	12409
4.34582	12432
4.35526	12455
4.3647	12478
4.37414	12501
4.38358	12523
4.39302	12545
4.40246	12567
4.4119	12589
4.42134	12611
4.43078	12633
4.44022	12655
4.44966	12677
4.4591	12699
4.46854	12721
4.47798	12743
4.48742	12765
4.49686	12787
4.5063	12809
4.51574	12831
4.52518	12853
4.53462	12875
4.54406	12897
4.5535	12919
4.56294	12941
4.57238	12963
4.58182	12985
4.59126	13007
4.6007	13029
4.61014	13051
4.61958	13073
4.62902	13094
4.63846	13115
4.6479	13136
4.65734	13157
4.66678	13178
4.67622	13199
4.68566	13220
4.6951	13241
4.70454	13262
4.71398	13283
4.72342	13304
4.73286	13325
4.7423	13346
4.75174	13367
4.76118	13388
4.77062	13409
4.78006	13430
4.7895	13451
4.79894	13472
4.80838	13493
4.81782	13514
4.82726	13535
4.8367	13556
4.84614	13577
4.85558	13598
4.86502	13619
4.87446	13640
4.8839	13661
4.89334	13682
4.90278	13702
4.91222	13722
4.92166	13742
4.9311	13762
4.94054	13782
4.94998	13802
4.95942	13822
4.96886	13842
4.9783	13862
4.98774	13882
4.99718	13902
5.00662	13922
5.01606	13942
5.0255	13962
5.03494	13982
5.04438	14002
5.05382	14022
5.06326	14042
5.0727	14062
5.08214	14082
5.09158	14102
5.10102	14122
5.11046	14142
5.1199	14162
5.12934	14182
5.13878	14202
5.14822	14222
5.15766	14242
5.1671	14262
5.17654	14282
5.18598	14302
5.19542	14322
5.20486	14342
5.2143	14362
5.22374	14382
5.23318	14401
5.24262	14420
5.25206	14439
5.2615	14458
5.27094	14477
5.28038	14496
5.28982	14515
5.29926	14534
5.3087	14553
5.31814	14572
5.32758	14591
5.33702	14610
5.34646	14629
5.3559	14648
5.36534	14667
5.37478	14686
5.38422	14705
5.39366	14724
5.4031	14743
5.41254	14762
5.42198	14781
5.43142	14800
5.44086	14819
5.4503	14838
5.45974	14857
5.46918	14876
5.47862	14895
5.48806	14914
5.4975	14933
5.50694	14952
5.51638	14971
5.52582	14990
5.53526	15009
5.5447	15028
5.55414	15047
5.56358	15066
5.57302	15085
5.58246	15104
5.5919	15123
5.60134	15141
5.61078	15159
5.62022	15177
5.62966	15195
5.6391	15213
5.64854	15231
5.65798	15249
5.66742	15267
5.67686	15285
5.6863	15303
5.69574	15321
5.70518	15339
5.71462	15357
5.72406	15375
5.7335	15393
5.74294	15411
5.75238	15429
5.76182	15447
5.77126	15465
5.7807	15483
5.79014	15501
5.79958	15519
5.80902	15537
5.81846	15555
5.8279	15573
5.83734	15591
5.84678	15609
5.85622	15627
5.86566	15645
5.8751	15663
5.88454	15681
5.89398	15699
5.90342	15717
5.91286	15735
5.9223	15753
5.93174	15771
5.94118	15789
5.95062	15807
5.96006	15825
5.9695	15843
5.97894	15861
5.98838	15879
5.99782	15897
6.00726	15915
6.0167	15933
6.02614	15951
6.03558	15969
6.04502	15986
6.05446	16003
6.0639	16020
6.07334	16037
6.08278	16054
6.09222	16071
6.10166	16088
6.1111	16105
6.12054	16122
6.12998	16139
6.13942	16156
6.14886	16173
6.1583	16190
6.16774	16207
6.17718	16224
6.18662	16241
6.19606	16258
6.2055	16275
6.21494	16292
6.22438	16309
6.23382	16326
6.24326	16343
6.2527	16360
6.26214	16377
6.27158	16394
6.28102	16411
6.29046	16428
6.2999	16445
6.30934	16462
6.31878	16479
6.32822	16496
6.33766	16513
6.3471	16530
6.35654	16547
6.36598	16564
6.37542	16581
6.38486	16598
6.3943	16615
6.40374	16632
6.41318	16649
6.42262	16666
6.43206	16683
6.4415	16700
6.45094	16717
6.46038	16734
6.46982	16751
6.47926	16768
6.4887	16785
6.49814	16802
6.50758	16819
6.51702	16836
6.52646	16853
6.5359	16870
6.54534	16887
6.55478	16904
6.56422	16920
6.57366	16936
6.5831	16952
6.59254	16968
6.60198	16984
6.61142	17000
6.62086	17016
6.6303	17032
6.63974	17048
6.64918	17064
6.65862	17080
6.66806	17096
6.6775	17112
6.68694	17128
6.69638	17144
6.70582	17160
6.71526	17176
6.7247	17192
6.73414	17208
6.74358	17224
6.75302	17240
6.76246	17256
6.7719	17272
6.78134	17288
6.79078	17304
6.80022	17320
6.80966	17336
6.8191	17352
6.82854	17368
6.83798	17384
6.84742	17400
6.85686	17416
6.8663	17432
6.87574	17448
6.88518	17464
6.89462	17480
6.90406	17496
6.9135	17512
6.92294	17528
6.93238	17544
6.94182	17560
6.95126	17576
6.9607	17592
6.97014	17608
6.97958	17624
6.98902	17640
6.99846	17656
7.0079	17672
7.01734	17688
7.02678	17704
7.03622	17720
7.04566	17736
7.0551	17752
7.06454	17768
7.07398	17784
7.08342	17800
7.09286	17816
7.1023	17832
7.11174	17848
7.12118	17864
7.13062	17880
7.14006	17896
7.1495	17912
7.15894	17928
7.16838	17944
7.17782	17960
7.18726	17975
7.1967	17990
7.20614	18005
7.21558	18020
7.22502	18035
7.23446	18050
7.2439	18065
7.25334	18080
7.26278	18095
7.27222	18110
7.28166	18125
7.2911	18140
7.30054	18155
7.30998	18170
7.31942	18185
7.32886	18200
7.3383	18215
7.34774	18230
7.35718	18245
7.36662	18260
7.37606	18275
7.3855	18290
7.39494	18305
7.40438	18320
7.41382	18335
7.42326	18350
7.4327	18365
7.44214	18380
7.45158	18395
7.46102	18410
7.47046	18425
7.4799	18440
7.48934	18455
7.49878	18470
7.50822	18485
7.51766	18500
7.5271	18515
7.53654	18530
7.54598	18545
7.55542	18560
7.56486	18575
7.5743	18590
7.58374	18605
7.59318	18620
7.60262	18635
7.61206	18650
7.6215	18665
7.63094	18680
7.64038	18695
7.64982	18710
7.65926	18725
7.6687	18740
7.67814	18755
7.68758	18770
7.69702	18785
7.70646	18800
7.7159	18815
7.72534	18830
7.73478	18845
7.74422	18860
7.75366	18875
7.7631	18890
7.77254	18905
7.78198	18920
7.79142	18935
7.80086	18950
7.8103	18965
7.81974	18980
7.82918	18995
7.83862	19010
7.84806	19025
7.8575	19040
7.86694	19055
7.87638	19070
7.88582	19085
7.89526	19100
7.9047	19115
7.91414	19130
7.92358	19145
7.93302	19160
7.94246	19174
7.9519	19188
7.96134	19202
7.97078	19216
7.98022	19230
7.98966	19244
7.9991	19258
8.00854	19272
8.01798	19286
8.02742	19300
8.03686	19314
8.0463	19328
8.05574	19342
8.06518	19356
8.07462	19370
8.08406	19384
8.0935	19398
8.10294	19412
8.11238	19426
8.12182	19440
8.13126	19454
8.1407	19468
8.15014	19482
8.15958	19496
8.16902	19510
8.17846	19524
8.1879	19538
8.19734	19552
8.20678	19566
8.21622	19580
8.22566	19594
8.2351	19608
8.24454	19622
8.25398	19636
8.26342	19650
8.27286	19664
8.2823	19678
8.29174	19692
8.30118	19706
8.31062	19720
8.32006	19734
8.3295	19748
8.33894	19762
8.34838	19776
8.35782	19790
8.36726	19804
8.3767	19818
8.38614	19832
8.39558	19846
8.40502	19860
8.41446	19874
8.4239	19888
8.43334	19902
8.44278	19916
8.45222	19930
8.46166	19944
8.4711	19958
8.48054	19972
8.48998	19986
8.49942	20000
8.50886	20014
8.5183	20028
8.52774	20042
8.53718	20056
8.54662	20070
8.55606	20084
8.5655	20098
8.57494	20112
8.58438	20126
8.59382	20140
8.60326	20154
8.6127	20168
8.62214	20182
8.63158	20196
8.64102	20210
8.65046	20224
8.6599	20238
8.66934	20252
8.67878	20266
8.68822	20280
8.69766	20294
8.7071	20308
8.71654	20322
8.72598	20336
8.73542	20350
8.74486	20364
8.7543	20378
8.76374	20392
8.77318	20406
8.78262	20420
8.79206	20434
8.8015	20448
8.81094	20462
8.82038	20476
8.82982	20490
8.83926	20504
8.8487	20518
8.85814	20532
8.86758	20545
8.87702	20558
8.88646	20571
8.8959	20584
8.90534	20597
8.91478	20610
8.92422	20623
8.93366	20636
8.9431	20649
8.95254	20662
8.96198	20675
8.97142	20688
8.98086	20701
8.9903	20714
8.99974	20727
9.00918	20740
9.02814	19832
9.1131	19564
9.11782	19296
9.12254	19028
9.12726	18760
9.13198	18492
9.1367	18224
9.14142	17956
9.14614	17688
9.15086	17420
9.15558	17152
9.1603	16884
9.16502	16616
9.16974	16348
9.17446	16080
9.17918	15812
9.1839	15544
9.18862	15276
9.19334	15008
9.19806	14740
9.2027	9648
9.2027	9677
9.21214	9706
9.22158	9735
9.23102	9764
9.24046	9793
9.2499	9822
9.25934	9851
9.26878	9880
9.27822	9909
9.28766	9937
9.2971	9965
9.30654	9993
9.31598	10021
9.32542	10049
9.33486	10077
9.3443	10105
9.35374	10133
9.36318	10161
9.37262	10189
9.38206	10217
9.3915	10245
9.40094	10273
9.41038	10300
9.41982	10327
9.42926	10354
9.4387	10381
9.44814	10408
9.45758	10435
9.46702	10462
9.47646	10489
9.4859	10516
9.49534	10543
9.50478	10570
9.51422	10597
9.52366	10624
9.5331	10651
9.54254	10677
9.55198	10703
9.56142	10729
9.57086	10755
9.5803	10781
9.58974	10807
9.59918	10833
9.60862	10859
9.61806	10885
9.6275	10911
9.63694	10937
9.64638	10963
9.65582	10989
9.66526	11015
9.6747	11041
9.68414	11067
9.69358	11092
9.70302	11117
9.71246	11142
9.7219	11167
9.73134	11192
9.74078	11217
9.75022	11242
9.75966	11267
9.7691	11292
9.77854	11317
9.78798	11342
9.79742	11367
9.80686	11392
9.8163	11417
9.82574	11442
9.83518	11467
9.84462	11492
9.85406	11516
9.8635	11540
9.87294	11564
9.88238	11588
9.89182	11612
9.90126	11636
9.9107	11660
9.92014	11684
9.92958	11708
9.93902	11732
9.94846	11756
9.9579	11780
9.96734	11804
9.97678	11828
9.98622	11852
9.99566	11876
Total Bytes Received: 1130960
