[  0%] Building CXX object scratch/CMakeFiles/scratch_tcpreno.dir/tcpreno.cc.o
[  0%] Linking CXX executable "/home/nidhi/BUET /LABS/BUET-ACADEMICS/3-2 Sessionals/CSE 322/ns-allinone-3.45/ns-3.45/build/scratch/ns3.45-tcpreno-default"
0.0101856	5360
0.0213024	5896
0.0231904	6968
0.0250784	8040
0.0269664	9112
0.0288544	10184
0.0323328	11256
0.0370656	10974
0.0380096	11228
0.0389536	11482
0.0398976	11736
0.0408416	11990
0.0417856	12244
0.0427296	12498
0.0436736	12752
0.0446176	13006
0.0455616	13259
0.0465056	13118
0.0474496	12977
0.0483936	12836
0.0493376	12695
0.0502816	12554
0.0512256	12413
0.0521696	12272
0.0531136	12131
0.0550144	11990
0.0559456	11849
0.0568896	11708
0.0578336	11031
0.0587776	10890
0.0597216	10749
0.0606656	10608
0.0616096	10467
0.0625536	10326
0.0634976	10184
0.0644416	10043
0.0653856	9902
0.0663296	9761
0.0672736	9620
0.0682176	9479
0.0691616	9338
0.0701056	9197
0.0710496	9056
0.0719936	8915
0.0729376	8774
0.0738816	8633
0.0748256	8492
0.0757696	7504
0.0767008	8040
0.105034	7793
0.105978	8082
0.106922	8370
0.107866	8659
0.10881	8948
0.11071	9236
0.111654	9525
0.112598	8865
0.113542	8741
0.114486	8618
0.116387	8494
0.117331	8370
0.119219	7711
0.120163	7587
0.121107	7463
0.122051	7340
0.124883	7216
0.125827	7092
0.126771	5360
1	351.616
1.10124	536
1.11228	1072
1.12425	1608
1.13622	2680
1.14725	3752
1.14914	4288
1.18319	4110
1.18413	4467
1.18508	4824
1.18602	4735
1.1933	4646
1.19425	4556
1.19518	4467
1.19612	3842
1.19707	3752
1.19801	3663
1.19895	2680
1.20716	3216
1.22642	2680
1.22736	2144
1.5	1132.03
2	0
2.21538	536
2.22641	1072
2.23838	1608
2.29448	2144
2.31937	2680
2.33136	2144
2.3323	1608
2.34239	2144
2.36446	2680
2.39851	2144
2.39945	1608
2.40954	2144
2.43163	1608
2.43257	1072
2.44266	1608
2.46472	2144
2.48772	2680
2.5	415.936
2.51261	3216
2.54477	2680
2.54572	2144
2.5558	2680
2.58985	2144
2.59365	1608
2.60088	2144
2.62296	2680
2.63494	2144
2.63589	1608
2.64597	2144
2.66805	2680
2.69108	1608
2.70305	2144
2.74721	1608
2.74816	1072
2.75824	1608
2.7803	2144
2.80332	1608
2.80428	1072
2.81435	1608
2.83834	1072
3	398.784
3.5	0
3.84937	536
3.8604	1072
3.89632	1608
3.91933	2144
3.95244	1608
3.95339	1072
3.96348	1608
3.98554	2144
4	124.352
4.02054	1072
4.03252	1608
4.05459	2144
4.08866	1608
4.08961	1072
4.12178	1608
4.16593	1072
4.17696	1608
4.19902	2144
4.22205	1608
4.22299	1072
4.23308	1608
4.25516	1072
4.2662	1608
4.28826	2144
4.31316	1608
4.32232	1072
4.32419	1608
4.34627	2144
4.38127	1608
4.38221	1072
4.3923	1608
4.41436	2144
4.43737	2680
4.46226	3216
4.4733	2680
4.47425	2144
4.48433	2680
4.5	463.104
4.51555	3216
4.52659	2680
4.52754	2144
4.53762	2680
4.56252	3216
4.58552	3752
4.61043	3538
4.61137	3860
4.61674	4181
4.61768	4074
4.61958	3967
4.62052	3860
4.62146	2144
4.62146	2680
4.63974	3216
4.65363	2680
4.65457	2144
4.66559	2680
4.69681	3216
4.71981	3752
4.7236	3538
4.73085	3860
4.7318	4181
4.73274	4074
4.73369	3967
4.73463	3860
4.73556	2144
4.73556	2680
4.75575	3216
4.78064	3752
4.80364	4288
4.82854	4824
4.8525	4671
4.85344	5054
4.85439	5437
4.85881	5820
4.85975	5743
4.86261	5667
4.86356	5590
4.86544	4978
4.86639	4901
4.86733	4824
4.86828	4748
4.86987	4671
4.87081	4595
4.87367	4518
4.87461	4442
4.87649	4901
4.87743	4824
4.87837	4748
4.88091	4671
4.88472	4595
4.88567	4518
4.88754	3216
5	686.08
5.5	0
5.84777	536
5.8588	1072
5.87077	1608
5.88275	2680
5.91584	3216
5.94073	3752
5.95177	3538
5.95272	3860
5.95366	4181
5.96093	4074
5.96187	3967
5.96282	3860
5.96375	2144
5.96375	2680
5.98299	3216
6	600.32
6.00788	3752
6.03089	4288
6.04287	4110
6.04382	4467
6.04476	4824
6.04571	4735
6.05203	4646
6.05297	4556
6.05392	4467
6.05485	2680
6.05485	3216
6.06402	2680
6.06496	2144
6.07505	2680
6.0861	2144
6.08705	1608
6.09713	2144
6.11921	2680
6.1441	3216
6.1671	3752
6.192	4288
6.21029	4110
6.21124	4467
6.21218	4824
6.21313	4735
6.21503	4646
6.21597	4556
6.21692	4467
6.22132	2680
6.22132	3216
6.22796	2680
6.23426	2144
6.23993	2680
6.27115	3216
6.29324	2680
6.29418	2144
6.30617	2680
6.34115	3216
6.37521	2680
6.37615	2144
6.38718	2680
6.39919	2144
6.40835	1608
6.5	733.248
7	0
7.41118	536
7.42221	1072
7.43419	1608
7.4591	1072
7.47013	1608
7.49221	2144
7.5	158.656
7.51431	1608
7.51525	1072
7.54742	1608
7.58052	2144
7.60352	2680
7.62841	3216
7.65049	2680
7.65143	2144
7.66246	2680
7.68363	2144
7.68457	1608
7.6956	2144
7.74165	1608
7.7426	1072
7.79684	1608
7.82993	2144
7.85294	2680
7.87784	2144
7.87879	1608
7.88887	2144
7.91095	2680
7.93491	2144
7.93681	1608
7.94594	2144
7.96801	2680
7.99291	3216
8	566.016
8.01591	3752
8.03893	3538
8.04177	3860
8.0481	4181
8.04904	2144
8.5	72.896
9	0
9.04997	536
9.061	1072
9.07298	1608
9.11804	2144
9.15491	2680
9.17791	3216
9.1981	2680
9.19904	2144
9.5	514.56
10	0
10.1871	536
10.5	0
11	0
11.5	0
12	0
12.1981	1072
12.2322	1608
12.2552	1072
12.2662	1608
12.2883	2144
12.3132	2680
12.3362	3216
12.3472	2680
12.3482	2144
12.3803	2680
12.4153	2144
12.4163	1608
12.4264	2144
12.4484	2680
12.4733	3216
12.4963	3752
12.5	493.12
12.5083	3538
12.5093	3860
12.5102	4181
12.5112	4074
12.5175	3967
12.5184	3860
12.5194	2144
12.5194	2680
12.5405	2144
12.5414	1608
12.5783	2144
12.6004	1608
12.6014	1072
12.6114	1608
12.6335	2144
12.6565	2680
12.6814	3216
12.7035	2680
12.7044	2144
13	257.28
13.5	0
13.7145	536
13.7256	1072
13.7375	1608
13.7606	1072
13.7716	1608
13.7937	2144
13.8186	2680
13.8425	2144
13.8507	1608
13.8627	2144
13.8886	1608
13.8977	1072
13.8996	1608
13.9217	2144
13.9447	2680
13.9686	2144
13.9715	1608
14	557.44
14.0008	2144
14.0229	1072
14.0349	1608
14.057	2144
14.08	1608
14.0809	1072
14.091	1608
14.1131	1072
14.1241	1608
14.1462	2144
14.1711	2680
14.2042	2144
14.2061	1608
14.2152	2144
14.2272	1608
14.2364	1072
14.2382	1608
14.2603	2144
14.2833	2680
14.3082	3216
14.3312	3752
14.3442	3538
14.3451	3860
14.346	4181
14.3533	4074
14.3543	3967
14.3552	3860
14.3561	2144
14.3561	2680
14.3754	3216
14.4003	3752
14.4233	4288
14.4381	3216
14.4435	2680
14.4554	3216
14.4703	2144
14.4822	2680
14.5	686.08
14.5116	2144
14.5125	1608
14.5226	2144
14.5466	1608
14.5504	1072
14.5576	1608
14.5797	2144
14.6027	2680
14.6156	2144
14.6248	1608
14.6276	2144
14.6496	2680
14.6846	2144
14.6865	1608
14.6957	2144
14.7187	1608
14.7288	1072
15	248.704
15.5	0
15.6957	536
16	25.728
16.5	0
17	8.576
17.1288	1072
17.1407	1608
17.1968	2144
17.2198	2680
17.2447	3216
17.2677	3752
17.2788	3538
17.2797	3860
17.2807	3645
17.2816	3538
17.2879	3431
17.2898	3324
17.2908	3216
17.2917	3109
17.2926	2144
17.2926	2680
17.311	2144
17.3147	1608
17.322	2144
17.3441	2680
17.369	3216
17.392	3752
17.4021	3538
17.403	3860
17.4039	4181
17.4049	4074
17.4058	3967
17.4122	3860
17.4131	2144
17.4131	2680
17.4279	3216
17.4528	3752
17.4648	3538
17.4657	3860
17.4692	4181
17.4702	4074
17.4739	3967
17.4749	3860
17.4758	2144
17.4758	2680
17.5	553.152
17.5033	1608
18	8.576
18.5	0
18.5143	536
18.5254	1072
18.7815	536
18.7925	1072
18.7925	1608
18.8266	2144
18.8597	1608
18.8606	1072
18.9149	1608
18.948	2144
18.983	1608
18.9839	1072
18.994	1608
19	291.584
19.0161	2144
19.0391	2680
19.064	3216
19.087	2680
19.0879	2144
19.098	2680
19.1091	2144
19.11	1608
19.1201	2144
19.1422	2680
19.1671	3216
19.1873	2680
19.1882	2144
19.5	248.704
20	0
20.1762	536
20.1872	1072
20.1992	1608
20.2333	1072
20.2443	1608
20.2664	2144
20.3014	1608
20.3023	1072
20.3124	1608
20.3474	1072
20.3584	1608
20.3805	1072
20.5	287.296
21	0
21.3584	536
21.3695	1072
21.5	227.264
21.6044	1608
21.6265	1072
21.6376	1608
21.6596	2144
21.6817	1608
21.6827	1072
22	38.592
22.5	0
22.6596	536
22.6707	1072
23	12.864
23.5	0
23.6707	536
23.6817	1072
23.7176	1608
23.7406	1072
23.7517	1608
23.7757	1072
23.7867	1608
23.8088	2144
23.8337	2680
23.8567	3216
23.8907	2144
23.9036	2680
23.9478	2144
23.9488	1608
24	291.584
24.5	0
24.9368	536
24.9478	1072
24.9598	1608
25	141.504
25.0067	1072
25.0178	1608
25.0399	2144
25.0647	2680
25.0878	3216
25.1126	3752
25.1246	3538
25.1256	3860
25.1319	4181
25.1338	4074
25.1347	3967
25.1357	3860
25.1366	3216
25.1376	3109
25.1429	2144
25.1477	2680
25.1587	2144
25.1596	1608
25.1697	2144
25.1909	2680
25.2158	3216
25.2479	2680
25.2489	2144
25.259	2680
25.2848	3216
25.3078	3752
25.327	3538
25.328	3860
25.3308	4181
25.3318	4074
25.3327	3967
25.3337	3860
25.3381	2144
25.3381	2680
25.3538	3216
25.3668	2680
25.3678	2144
25.3797	2680
25.398	2144
25.399	1608
25.4422	2144
25.4532	1608
25.4542	1072
25.4643	1608
25.4863	2144
25.5	728.96
25.5093	2680
25.5213	2144
25.5223	1608
25.5323	2144
25.5544	2680
25.5793	3216
25.6023	3752
25.6143	3538
25.6152	3860
25.6162	4181
25.6171	4074
25.6244	3967
25.6253	3860
25.6263	3752
25.6272	3109
25.6282	2144
25.6401	2680
25.6622	3216
25.6871	2144
25.7073	2680
25.7183	2144
25.7193	1608
25.7294	2144
25.7442	2680
25.7763	1608
26	407.36
26.5	0
26.7644	536
26.7754	1072
27	51.456
27.5	0
27.9864	536
28	4.288
28.1974	1072
28.2334	1608
28.2564	2144
28.2895	1608
28.2904	1072
28.3005	1608
28.3226	2144
28.3456	2680
28.3604	2144
28.3696	1608
28.3724	2144
28.4074	1608
28.4084	1072
28.4405	1608
28.4736	2144
28.4966	2680
28.5	278.72
28.5115	2144
28.5197	1608
28.5316	2144
28.5547	1608
28.5648	1072
28.5758	1608
28.6089	2144
28.6319	2680
28.6568	3216
28.677	2680
28.6779	2144
28.688	2680
28.7	2144
28.7048	1608
28.7562	2144
28.7902	2680
28.8022	2144
28.8032	1608
28.8133	2144
28.8372	1608
28.8464	1072
29	343.04
29.5	0
29.8252	536
29.8363	1072
29.8482	1608
29.9044	1072
29.9154	1608
29.9375	2144
29.9624	2680
29.9854	3216
29.9983	2680
Total Bytes Received: 1573160
