[  0%] Building CXX object scratch/CMakeFiles/scratch_renoJtest.dir/renoJtest.cc.o
[  0%] Linking CXX executable "/home/nidhi/BUET /LABS/BUET-ACADEMICS/3-2 Sessionals/CSE 322/ns-allinone-3.45/ns-3.45/build/scratch/ns3.45-renoJtest-default"
0.0101856	5360
0.0380096	4824
0.043376	4556
0.04432	4288
0.0471648	4020
0.0481088	3752
0.0490528	3484
0.049984	2144
0.049984	2278
0.051872	2404
0.0553504	2523
0.0629024	2636
0.0673248	2744
0.079312	2323
0.080256	2502
0.0859328	2323
0.0894112	2144
0.0903424	1072
0.0903424	1340
0.0969632	1554
0.107994	1738
0.119968	1903
0.130998	2053
0.142029	2192
0.153059	2323
0.154947	2446
0.165034	2563
0.166922	2675
0.177008	2782
0.178896	2885
0.188982	2984
0.19087	3080
0.200013	3173
0.201901	3263
0.211043	3351
0.212931	3436
0.214819	3519
0.223018	3600
0.224906	3679
0.226794	3757
0.237837	3216
0.246992	2948
0.247936	2680
0.249811	2412
0.250768	2144
0.251712	1876
0.258979	1340
1	385.92
1.24981	536
1.26084	1072
1.27282	1340
1.48385	1554
1.5	42.88
2	0
2.48385	536
2.5	4.288
2.69488	1072
2.70685	1340
2.71883	1554
2.7308	1738
2.74277	1903
2.7538	2053
2.76484	2192
2.77587	2323
2.77775	2446
2.78784	2563
2.78973	2675
2.79981	2782
2.8017	2885
2.81179	2984
2.81368	3080
2.82282	3173
2.82471	3263
2.83385	3351
2.83574	3436
2.83763	3519
2.84582	3600
2.84771	3679
2.8496	3757
2.8578	3833
2.85969	3907
2.86157	3980
2.86883	4052
2.87072	4122
2.8726	4191
2.87986	4259
2.88175	4326
2.88364	4392
2.89089	4457
2.89278	4521
2.89467	4584
2.89655	4646
2.90286	4707
2.90475	4768
2.90664	4828
2.90853	4887
2.91484	4945
2.91673	5003
2.91861	5060
2.92588	4288
2.93061	4020
2.93157	3216
2.93252	2948
2.93692	2680
2.93787	2412
2.93881	1876
2.9426	2029
2.95174	2170
2.96277	2302
2.96466	2426
2.97475	2544
2.97664	2656
2.98672	2764
2.98861	2867
2.9987	2967
3	501.696
3.00059	3063
3.00973	3156
3.01162	3247
3.02076	3335
3.02265	3421
3.02453	3504
3.03273	3585
3.03462	3665
3.03651	3743
3.04471	3819
3.0466	3894
3.04848	3967
3.05858	3216
3.06141	2948
3.06774	2680
3.06868	2412
3.06961	1340
3.06961	1554
3.0715	1738
3.08253	1903
3.09356	2053
3.10459	2192
3.11562	2323
3.11751	2446
3.1276	2563
3.12948	2675
3.13957	2782
3.14146	2885
3.15155	2984
3.15343	3080
3.16258	3173
3.16446	3263
3.17361	3351
3.17549	3436
3.17738	3519
3.18558	3600
3.18747	3679
3.18936	3757
3.19756	3833
3.19944	3907
3.20133	3980
3.20859	4052
3.21332	3216
3.22343	2948
3.22437	2680
3.22531	2412
3.23067	1608
3.23162	1340
3.24645	1554
3.25748	1738
3.26945	1903
3.28048	2053
3.29151	2192
3.30254	2323
3.30443	2446
3.31452	2563
3.31641	2675
3.32839	1608
3.33755	1072
3.33942	1340
3.37257	536
3.3836	1072
3.3836	1340
3.39557	1554
3.40755	1738
3.41952	1903
3.43055	2053
3.44158	2192
3.45451	1608
3.46367	1072
3.46554	1340
3.5	578.88
3.67564	1554
4	0
4.5	0
4.67564	536
4.68667	1072
4.69865	1340
4.71062	1554
4.7226	1738
4.73457	1903
4.75854	1072
4.76957	1340
4.80272	536
4.81375	1072
4.81375	1340
4.82572	1554
4.8377	1738
4.84967	1903
4.8607	2053
4.87173	2192
4.88276	2323
4.88465	2446
4.89474	2563
4.91682	1608
4.91777	1072
4.92785	1340
4.93888	1554
4.95086	1738
4.96283	1903
4.97386	2053
4.98489	2192
4.99592	2323
4.99781	2446
5	248.704
5.0199	1608
5.02084	1072
5.03093	1340
5.04196	1554
5.07603	536
5.08706	1072
5.08706	1340
5.09904	1554
5.11101	1738
5.12299	1903
5.13402	2053
5.14505	2192
5.15608	2323
5.15796	2446
5.16805	2563
5.16994	2675
5.18003	2782
5.18191	2885
5.192	2984
5.19389	3080
5.20303	3173
5.20492	3263
5.21691	2680
5.22606	2412
5.227	2144
5.22795	1876
5.22888	1072
5.22888	1340
5.23804	1554
5.25001	1738
5.26198	1903
5.27301	2053
5.29699	1072
5.30802	1340
5.31906	1554
5.33104	1738
5.34301	1903
5.35404	2053
5.37613	1072
5.38716	1340
5.39819	1554
5.41016	1738
5.42214	1903
5.43317	2053
5.5	377.344
5.63411	2192
5.6562	1072
5.66817	1340
5.67922	1554
5.69119	1738
5.70316	1903
5.7142	2053
5.73628	1072
5.74731	1340
5.75834	1554
5.77032	1738
5.78229	1903
5.80627	1072
5.8173	1340
5.82834	1554
5.86241	536
6	141.504
6.5	0
7	21.44
7.0504	1072
7.08447	536
7.0955	1072
7.0955	1340
7.10748	1554
7.11945	1738
7.13143	1903
7.14246	2053
7.15349	2192
7.16642	1608
7.17557	1072
7.17745	1340
7.18849	1554
7.20047	1738
7.21244	1903
7.22347	2053
7.25755	536
7.26859	1072
7.27962	1340
7.29065	1554
7.30262	1738
7.3146	1903
7.32563	2053
7.34867	1072
7.39283	1340
7.40386	1554
7.41584	1738
7.43887	1072
7.4499	1340
7.46093	1554
7.4729	1738
7.49782	1072
7.5	265.856
7.50885	1340
7.71895	1554
7.75208	536
7.76311	1072
7.76311	1340
7.77508	1554
7.78706	1738
7.79903	1903
7.81006	2053
7.83404	1072
7.84507	1340
7.85611	1554
7.86809	1738
7.88006	1903
7.89109	2053
7.90212	2192
7.91505	1608
7.92421	1072
7.92608	1340
7.93713	1554
7.9491	1738
7.96108	1903
7.97211	2053
7.98314	2192
7.99417	2323
7.99605	2446
8	231.552
8.00614	2563
8.00803	2675
8.01812	2782
8.0301	2323
8.03105	2502
8.03199	2323
8.0402	2144
8.04113	1072
8.04113	1340
8.04302	1554
8.05405	1738
8.06603	1903
8.07706	2053
8.08809	2192
8.11112	1608
8.11206	1072
8.12215	1340
8.13318	1554
8.14515	1738
8.15713	1903
8.16816	2053
8.17919	2192
8.19022	2323
8.19211	2446
8.20219	2563
8.20408	2675
8.21417	2782
8.21605	2885
8.22614	2984
8.22803	3080
8.23717	3173
8.23906	3263
8.2482	3351
8.25199	2680
8.26019	2412
8.26115	2144
8.26209	1876
8.26302	1072
8.26302	1340
8.27218	1554
8.28415	1738
8.29612	1903
8.30716	2053
8.31819	2192
8.32922	2323
8.3412	1608
8.34216	1072
8.35223	1340
8.36328	1554
8.37525	1738
8.38723	1903
8.39826	2053
8.40929	2192
8.42032	2323
8.4222	2446
8.43229	2563
8.43418	2675
8.44427	2782
8.44615	2885
8.45814	2323
8.45908	2502
8.4673	2323
8.46824	2144
8.46917	1072
8.46917	1340
8.47833	1554
8.48936	1738
8.5	531.712
8.50133	1903
8.51236	2053
8.52339	2192
8.53442	2323
8.53631	2446
8.5464	2563
8.54828	2675
8.55837	2782
8.56026	2885
8.57035	2984
8.57223	3080
8.58138	3173
8.58326	3263
8.59241	3351
8.59429	3436
8.59618	3519
8.60438	3600
8.60627	3679
8.60816	3757
8.61636	3833
8.61824	3907
8.62013	3980
8.62739	4052
8.62927	4122
8.63116	4191
8.63842	4259
8.6403	4326
8.64219	4392
8.64945	4457
8.65418	3752
8.66143	3484
8.66333	3216
8.66524	2948
8.66617	2680
8.67155	2412
8.67439	1608
8.68543	1786
8.68825	1946
8.69646	2093
8.70749	2230
8.71852	2358
8.74061	1608
8.74156	1072
8.75164	1340
8.76267	1554
8.77465	1738
8.78662	1903
8.79765	2053
8.80868	2192
8.81971	2323
8.8216	2446
8.83169	2563
8.83357	2675
8.84366	2782
8.84555	2885
8.85564	2984
8.85752	3080
8.86667	3173
8.86855	3263
8.8777	3351
8.87958	3436
8.88147	3519
8.88967	3600
8.89156	3679
8.89345	3757
8.90164	3833
8.90353	3907
8.91269	3216
8.91552	2948
8.91648	2680
8.91742	2412
8.92468	2144
8.92562	1876
8.92752	1340
9	553.152
9.5	0
9.90353	536
9.91456	1072
9.92654	1340
9.93851	1554
9.95049	1738
9.96246	1903
9.97349	2053
9.98452	2192
9.99555	2323
9.99744	2446
10	128.64
10.0075	2563
10.0094	2675
10.0195	2782
10.0214	2885
10.0315	2984
10.0435	2323
10.0454	2502
10.0463	2323
10.0536	2144
10.0545	1072
10.0545	1340
10.0573	1554
10.0684	1738
10.0803	1903
10.0914	2053
10.1024	2192
10.1134	2323
10.1153	2446
10.1254	2563
10.1273	2675
10.1374	2782
10.1393	2885
10.1494	2984
10.1512	3080
10.1604	3173
10.1623	3263
10.1714	3351
10.1733	3436
10.1752	3519
10.1862	2680
10.1954	2412
10.1963	2144
10.1973	1876
10.1982	1072
10.1982	1340
10.2074	1554
10.2193	1738
10.2424	1072
10.2534	1340
10.2644	1554
10.4755	1738
10.4975	1072
10.5	321.6
10.5086	1340
10.5196	1554
10.5316	1738
10.5436	1903
10.5546	2053
10.5656	2192
10.5766	2323
10.5785	2446
10.5886	2563
10.5905	2675
10.6006	2782
10.6025	2885
10.6126	2984
10.6145	3080
10.6236	3173
10.6255	3263
10.6346	3351
10.6365	3436
10.6384	3519
10.6466	3600
10.6485	3679
10.6504	3757
10.6586	3833
10.6605	3907
10.6706	3216
10.6744	2948
10.6753	2680
10.6807	2412
10.6816	1340
10.6816	1554
10.6835	1738
10.6945	1903
10.7166	1072
10.7276	1340
10.7387	1554
10.7506	1738
10.7626	1903
10.7736	2053
10.7847	2192
10.7957	2323
10.7976	2446
10.8077	2563
10.8307	1608
10.8317	1072
10.8638	1340
10.8749	1554
10.8868	1738
10.8988	1903
10.9098	2053
10.9209	2192
10.9319	2323
10.9338	2446
10.9439	2563
10.9458	2675
10.9559	2782
10.9577	2885
10.9678	2984
10.9817	2323
10.9827	1072
11	544.576
11.0019	1340
11.013	1554
11.047	536
11.0581	1072
11.0581	1340
11.5	21.44
12	0
12.0581	536
12.0691	1072
12.3132	536
12.3243	1072
12.3243	1340
12.3362	1554
12.3482	1738
12.3602	1903
12.3712	2053
12.3823	2192
12.3933	2323
12.3952	2446
12.4053	2563
12.4274	1608
12.4283	1072
12.4825	1340
12.4936	1554
12.5	158.656
12.5055	1738
12.5295	1072
12.5737	1340
12.5847	1554
12.5967	1738
12.6087	1903
12.6197	2053
12.6307	2192
12.6418	2323
12.6437	2446
12.6537	2563
12.6556	2675
12.6657	2782
12.6676	2885
12.6777	2984
12.6796	3080
12.6916	2323
12.7007	2502
12.7017	2323
12.7026	2144
12.7035	1072
12.7035	1340
12.7127	1554
13	188.672
13.5	0
13.7127	536
13.7237	1072
13.7357	1340
13.7477	1554
13.7596	1738
13.7716	1903
13.7826	2053
13.7937	2192
13.8047	2323
13.8167	1608
13.8177	1072
13.8719	1340
13.8829	1554
13.8949	1738
13.9069	1903
13.9179	2053
13.9289	2192
13.94	2323
13.9418	2446
13.9519	2563
13.9538	2675
13.9658	1608
13.975	1072
13.9768	1340
13.9879	1554
13.9999	1738
14	227.264
14.0118	1903
14.0229	2053
14.0339	2192
14.0449	2323
14.0569	1608
14.0579	1072
14.0679	1340
14.079	1554
14.091	1738
14.1029	1903
14.114	2053
14.125	2192
14.136	2323
14.1379	2446
14.148	2563
14.1499	2675
14.16	2782
14.1619	2885
14.1719	2984
14.1738	3080
14.183	3173
14.1849	3263
14.194	3351
14.1959	3436
14.2069	2680
14.218	2412
14.2189	2144
14.2281	1072
14.241	1340
14.2741	536
14.2852	1072
14.2852	1340
14.3192	536
14.3303	1072
14.3303	1340
14.3422	1554
14.3542	1738
14.3662	1903
14.3772	2053
14.3882	2192
14.3993	2323
14.4012	2446
14.4113	2563
14.4131	2675
14.4232	2782
14.4251	2885
14.4352	2984
14.4371	3080
14.4462	3173
14.4481	3263
14.4573	3351
14.4591	3436
14.461	3519
14.4692	3600
14.4711	3679
14.473	3757
14.4812	3833
14.4831	3907
14.485	3980
14.4922	4052
14.4941	4122
14.496	4191
14.5	531.712
14.5033	4259
14.5052	4326
14.507	4392
14.5143	4457
14.5162	4521
14.5181	4584
14.52	4646
14.5263	4707
14.5282	4768
14.532	3752
14.5392	3484
14.5402	3216
14.5411	2948
14.5421	2680
14.543	1608
14.543	1786
14.5493	1946
14.5531	2093
14.5641	2230
14.5751	2358
14.577	2479
14.5871	2594
14.589	2704
14.5991	2810
14.601	2912
14.6101	3010
14.612	3105
14.6212	3197
14.6322	2323
14.6331	2502
14.6351	2323
14.6432	2144
14.6461	1966
14.6543	1072
15	231.552
15.5	0
15.6432	536
15.6543	1072
15.6763	1340
15.6883	1554
15.7003	1738
15.7123	1903
15.7233	2053
15.7343	2192
15.7454	2323
15.7694	1608
15.7804	1072
15.8034	1340
16	115.776
16.0135	1554
16.0467	536
16.0577	1072
16.0577	1340
16.0697	1554
16.0816	1738
16.0936	1903
16.1046	2053
16.1157	2192
16.1267	2323
16.1286	2446
16.1387	2563
16.1406	2675
16.1507	2782
16.1636	2323
16.1727	2502
16.1737	2323
16.1746	2144
16.1838	1966
16.1847	1072
16.5	107.2
17	0
17.1507	536
17.1617	1072
17.1737	1340
17.1856	1554
17.1976	1738
17.2096	1903
17.2206	2053
17.2316	2192
17.2427	2323
17.2446	2446
17.2546	2563
17.2565	2675
17.2666	2782
17.2685	2885
17.2786	2984
17.2805	3080
17.2896	3173
17.2915	3263
17.3007	3351
17.3044	2680
17.3126	2412
17.3136	2144
17.3145	1876
17.3155	1072
17.3155	1340
17.3246	1554
17.3366	1738
17.3486	1903
17.3726	1072
17.3836	1340
17.4167	536
17.4278	1072
17.4278	1340
17.4397	1554
17.5	364.48
17.6508	1738
17.6728	1072
17.6839	1340
17.6949	1554
17.7069	1738
17.7189	1903
17.7299	2053
17.7409	2192
17.7519	2323
17.7538	2446
17.7639	2563
17.7658	2675
17.7759	2782
17.7778	2885
17.7879	2984
17.8018	2323
17.8027	2502
17.81	1072
18	141.504
18.5	0
18.8128	536
18.8238	1072
18.8358	1340
18.8478	1554
18.8598	1738
18.8717	1903
18.8828	2053
18.8938	2192
18.9048	2323
18.9067	2446
18.9168	2563
18.9187	2675
18.9288	2782
18.9417	2323
18.9509	2502
18.9518	2323
18.9528	2144
18.9537	1072
18.9537	1340
18.9628	1554
18.9739	1738
18.9858	1903
18.9969	2053
19	265.856
19.0079	2192
19.0208	1608
19.031	1072
19.065	1340
19.076	1554
19.088	1738
19.1	1903
19.111	2053
19.122	2192
19.1331	2323
19.135	2446
19.145	2563
19.158	1608
19.1671	1072
19.1911	1340
19.2022	1554
19.2141	1738
19.2261	1903
19.2482	1072
19.2592	1340
19.2702	1554
19.2822	1738
19.2942	1903
19.3052	2053
19.3163	2192
19.3273	2323
19.3292	2446
19.3393	2563
19.3512	1608
19.3614	1072
19.3954	1340
19.5	291.584
19.5964	1554
20	0
20.5	0
20.5964	536
20.8074	1072
20.8194	1340
20.8313	1554
20.8433	1738
20.8553	1903
20.8663	2053
20.8903	1072
20.9013	1340
21	77.184
21.1114	1554
21.1445	536
21.1556	1072
21.1556	1340
21.1675	1554
21.1795	1738
21.1915	1903
21.2025	2053
21.2136	2192
21.2246	2323
21.2265	2446
21.2366	2563
21.2385	2675
21.2485	2782
21.2605	2323
21.2615	2502
21.2624	2323
21.2706	2144
21.2716	1072
21.2716	1340
21.2927	536
21.3037	1072
21.3037	1340
21.3157	1554
21.3277	1738
21.3397	1903
21.3507	2053
21.3617	2192
21.3728	2323
21.3746	2446
21.3847	2563
21.3866	2675
21.3967	2782
21.3986	2885
21.4087	2984
21.4106	3080
21.4197	3173
21.4216	3263
21.4307	3351
21.4326	3436
21.4437	2680
21.4528	2412
21.4538	2144
21.4547	1876
21.4556	1072
21.4556	1340
21.4648	1554
21.4768	1738
21.4887	1903
21.4998	2053
21.5	373.056
21.5108	2192
21.5218	2323
21.5237	2446
21.5338	2563
21.5357	2675
21.5458	2782
21.5477	2885
21.5578	2984
21.5597	3080
21.5688	3173
21.5707	3263
21.5798	3351
21.5817	3436
21.5836	3519
21.5918	3600
21.6028	2323
21.6038	2502
21.6057	2323
21.6066	2144
21.6139	1966
21.6148	1072
21.6148	1340
21.6177	1554
21.6296	1738
21.6647	536
21.6757	1072
21.6867	1340
21.6978	1554
21.7097	1738
21.7217	1903
21.7327	2053
21.7567	1072
21.7677	1340
21.7788	1554
21.7908	1738
21.8027	1903
21.8248	1072
21.8358	1340
21.8469	1554
21.8589	1738
21.8708	1903
21.8819	2053
21.8929	2192
21.9039	2323
21.9159	1608
21.9169	1072
21.9269	1340
21.938	1554
21.95	1738
21.9619	1903
21.973	2053
21.984	2192
21.995	2323
21.9969	2446
22	441.664
22.007	2563
22.019	1608
22.0199	1072
22.03	1340
22.0411	1554
22.5	42.88
23	0
23.0411	536
23.0521	1072
23.0641	1340
23.5	17.152
24	0
24.0641	536
24.0751	1072
24.0871	1340
24.099	1554
24.111	1738
24.123	1903
24.134	2053
24.145	2192
24.1561	2323
24.158	2446
24.1681	2563
24.1699	2675
24.18	2782
24.1819	2885
24.192	2984
24.1939	3080
24.203	3173
24.2049	3263
24.2141	3351
24.216	3436
24.2178	3519
24.2298	2680
24.239	1876
24.2399	1072
24.2519	1340
24.2629	1554
24.2749	1738
24.2998	1072
24.3109	1340
24.3219	1554
24.3339	1738
24.3459	1903
24.3569	2053
24.3679	2192
24.379	2323
24.3808	2446
24.3909	2563
24.3928	2675
24.4029	2782
24.4048	2885
24.4149	2984
24.4168	3080
24.4259	3173
24.4369	2323
24.4379	2502
24.4388	2323
24.4398	2144
24.448	1072
24.448	1340
24.4499	1554
24.4609	1738
24.4729	1903
24.4839	2053
24.4949	2192
24.5	458.816
24.506	2323
24.5079	2446
24.5179	2563
24.5198	2675
24.5299	2782
24.5318	2885
24.5419	2984
24.5529	2323
24.5539	2502
24.5548	2323
24.5558	2144
24.564	1072
24.564	1340
24.5659	1554
24.5769	1738
24.5889	1903
25	111.488
25.5	0
25.5889	536
25.7999	1072
25.8239	1340
26	25.728
26.0349	1554
26.068	536
26.079	1072
26.079	1340
26.091	1554
26.103	1738
26.115	1903
26.126	2053
26.137	2192
26.1481	2323
26.161	1608
26.1702	1072
26.1941	1340
26.2273	536
26.2383	1072
26.2383	1340
26.2503	1554
26.2622	1738
26.2742	1903
26.2852	2053
26.3092	1072
26.5	154.368
27	0
27.2852	536
27.2963	1072
27.3083	1340
27.3202	1554
27.3322	1738
27.3442	1903
27.3552	2053
27.3662	2192
27.3773	2323
27.3792	2446
27.3892	2563
27.3911	2675
27.4012	2782
27.4031	2885
27.4132	2984
27.4151	3080
27.4242	3173
27.4362	2323
27.4381	2502
27.4391	2323
27.4463	2144
27.4472	1072
27.4472	1340
27.4794	536
27.4905	1072
27.4905	1340
27.5	283.008
27.5024	1554
27.5144	1738
27.5264	1903
27.5374	2053
27.5485	2192
27.5595	2323
27.5614	2446
27.5715	2563
27.5733	2675
27.5834	2782
27.5853	2885
27.5973	2323
27.5982	2502
27.6065	2323
27.6074	2144
27.6083	1072
27.6083	1340
27.6295	536
27.6405	1072
27.6405	1340
27.6525	1554
27.6645	1738
27.6764	1903
27.6875	2053
27.7225	1072
27.7556	1340
27.7667	1554
27.7786	1738
27.7906	1903
27.8146	1072
27.8256	1340
27.8588	536
27.8698	1072
27.8698	1340
27.8818	1554
27.8937	1738
27.9057	1903
27.9167	2053
27.9278	2192
27.9508	1608
27.9518	1072
27.9618	1340
27.9729	1554
28	351.616
28.1839	1738
28.206	1072
28.217	1340
28.2501	536
28.2612	1072
28.2612	1340
28.2952	536
28.3063	1072
28.3063	1340
28.3183	1554
28.3302	1738
28.3422	1903
28.3532	2053
28.3643	2192
28.3753	2323
28.3772	2446
28.3873	2563
28.3892	2675
28.3992	2782
28.4011	2885
28.4112	2984
28.4131	3080
28.4222	3173
28.4241	3263
28.4333	3351
28.4352	3436
28.4371	3519
28.4453	3600
28.4563	2680
28.4591	2412
28.4601	2144
28.4673	1876
28.4683	1608
28.4711	1072
28.4894	1340
28.5	278.72
28.5004	1554
28.5124	1738
28.5364	1072
29	21.44
29.5	0
29.5474	536
29.5585	1072
Total Bytes Received: 1271392
